Sentence: I like playing cricket.
Numerical Embedding:
[ 4.25363220e-02  8.85684323e-03  2.31042824e-04 -1.99648514e-02
 -1.24625089e-02  1.55886505e-02  7.18780607e-02  1.12093436e-02
  1.86784361e-02  1.51844606e-01 -1.91088002e-02 -1.16863959e-01
  2.09992076e-03  5.99510372e-02  1.41029432e-01 -5.10374876e-03
  1.96729181e-03 -6.81458935e-02  2.14727558e-02 -2.48787124e-02
 -1.12815529e-01  1.21349886e-01  4.33225743e-02 -5.35658263e-02
 -8.80085863e-04  3.15337777e-02  3.41473962e-03  3.83650288e-02
 -4.26904075e-02 -3.81250232e-02 -1.44958654e-02  9.78007093e-02
 -4.72161956e-02  3.75809669e-02 -9.14959982e-02 -2.68293489e-02
 -1.13731239e-03 -4.85865399e-03  7.32088611e-02 -1.65134240e-02
  6.52479520e-03 -2.28832904e-02  7.67696872e-02  2.14706901e-02
 -6.79822713e-02  3.36878188e-02  2.84088356e-03  1.12024937e-02
  6.70283735e-02  7.31921196e-03  1.12874717e-01  4.31600250e-02
  6.38512382e-03 -5.32799959e-03  7.85572305e-02 -6.17459491e-02
 -4.09599617e-02  7.43446350e-02  1.39675066e-02 -4.79863398e-02
  6.68968484e-02  3.84473540e-02 -2.38164719e-02  4.80043404e-02
  4.07847809e-03 -6.31997287e-02 -2.00819466e-02 -6.58958219e-03
  4.37798239e-02  2.55129877e-02 -3.22441719e-02  3.00580319e-02
  3.36562619e-02  1.71565879e-02 -8.74448044e-04  8.58689193e-03
  3.64215448e-02 -3.21193002e-02 -2.69130263e-02  1.53987380e-02
  5.75683080e-03 -4.45614271e-02 -1.47065436e-02  4.12897915e-02
 -2.60955784e-02 -1.26770169e-01  1.77446026e-02  2.68383771e-02
 -1.54722873e-02 -3.46648954e-02 -4.27749380e-03  4.99125309e-02
 -1.15660569e-02  3.37858759e-02 -7.58680329e-02  3.77477519e-02
  3.57472431e-03 -1.29636284e-03 -6.47116899e-02  9.97924060e-02
 -1.04382476e-02 -5.37395244e-03 -3.75395990e-03  1.22627556e-01
 -8.18901807e-02  3.82224694e-02 -1.03771657e-01  4.54787090e-02
  6.03113435e-02 -6.45314083e-02 -4.41947766e-02  3.36008966e-02
 -6.59747571e-02  1.90657154e-02 -3.23377810e-02  5.84293641e-02
  3.55809601e-03  4.49860208e-02 -9.04306211e-03  3.69140245e-02
  1.25825005e-02  3.35554853e-02 -5.75219877e-02 -1.60661135e-02
  3.17120217e-02 -1.88819505e-02  3.76515612e-02 -5.37893027e-33
 -4.39643040e-02 -9.24391523e-02 -5.15572727e-03 -2.42319219e-02
 -4.87987557e-03  4.41491790e-03  4.30287719e-02 -2.18378007e-02
 -2.32766196e-02 -1.88334170e-03  4.52328324e-02  1.68588702e-02
 -3.56394053e-02  3.02531831e-02  6.36311397e-02 -3.43084075e-02
 -5.05471826e-02  3.76619920e-02 -2.11498942e-02  2.81643476e-02
 -7.76592596e-03 -8.39238018e-02  5.30264527e-02  3.29220444e-02
  3.11597474e-02 -2.69703604e-02  1.07473105e-01 -1.43434063e-01
  5.90665191e-02  2.26919521e-02  7.73884282e-02 -2.16616914e-02
 -1.02544084e-01 -4.83206101e-03 -1.24585880e-02 -2.34597400e-02
 -2.48191524e-02 -4.04544845e-02  2.62721274e-02 -1.28165411e-03
  1.71464961e-02  1.78136723e-03 -4.80539985e-02  9.17046051e-03
  1.58599224e-02 -1.11541420e-03 -3.29694897e-02  7.80839380e-03
 -8.08036327e-02  1.90224703e-02  6.94515044e-03 -1.63284764e-02
  7.39143044e-02 -6.91341422e-03  3.81425470e-02 -4.87994514e-02
  2.81935390e-02 -4.08978872e-02 -3.43798026e-02 -1.74795594e-02
 -1.72529370e-02 -4.90648635e-02 -5.23768514e-02 -1.84791293e-02
 -5.29612340e-02  4.73187789e-02  5.23693934e-02 -6.94974139e-02
  2.84004081e-02 -1.13934539e-01  3.01709548e-02  3.18737654e-03
 -1.98648293e-02  2.53754128e-02 -7.86875784e-02  2.26892643e-02
  5.00628278e-02  1.33823026e-02 -1.38519332e-02 -4.96135615e-02
  2.01477204e-02  1.65819693e-02 -2.74733845e-02 -1.54974252e-01
  5.07223457e-02  1.38414940e-02 -7.08521754e-02 -2.03961700e-01
  6.98535964e-02 -7.32345786e-03 -5.38392588e-02 -6.47048205e-02
 -1.41553655e-02  4.17495221e-02 -2.58820504e-02  4.82208170e-33
 -3.63062546e-02 -4.72342223e-02 -6.08198978e-02  3.38167325e-02
 -4.38453723e-03 -2.26400606e-02  4.00022836e-03  3.63755152e-02
 -5.80603490e-03  9.41509753e-02  1.79155990e-02  3.61876599e-02
 -4.99401763e-02  9.36146155e-02 -5.83248073e-03 -4.49675247e-02
  7.83581194e-03  7.61601552e-02  2.10000481e-03  6.17169067e-02
 -9.95601900e-03  3.01452279e-02  6.01936458e-03  2.77015716e-02
  2.32575368e-02  7.61820190e-03 -5.73064722e-02 -1.37118949e-02
 -3.63476314e-02  4.80668098e-02  3.12421229e-02  7.10085928e-02
 -1.47207351e-02 -6.30298182e-02 -3.72919515e-02  3.54221760e-04
  2.15772446e-03  9.05713160e-03  6.85917307e-03  9.42217931e-03
  5.25644422e-03  6.89316466e-02 -1.16599083e-03  4.14117686e-02
  1.82725210e-02 -7.42347492e-03  7.84498602e-02  4.48774397e-02
 -7.71556655e-03 -1.32338871e-04  4.02454622e-02  3.54548991e-02
  1.10556558e-02 -1.07001267e-01  5.03732786e-02  5.05138040e-02
  1.40307553e-03 -1.07566446e-01 -2.56248377e-02 -1.42241165e-01
 -5.46085201e-02  8.41347426e-02 -4.91778664e-02  5.20082153e-02
 -4.39465418e-03  9.69743207e-02 -5.39453588e-02 -7.94134885e-02
 -2.43628137e-02 -4.77639064e-02 -1.31900117e-01 -6.08749464e-02
 -6.21103458e-02  7.28838192e-03 -4.20486219e-02 -1.46328527e-02
 -1.33031383e-02  8.99928734e-02  1.28938993e-02  8.84724483e-02
 -4.42545749e-02  7.96465427e-02 -1.88166723e-02 -5.96619351e-03
 -3.47364717e-03  4.09034155e-02 -4.29455861e-02 -5.90186752e-03
 -2.52549145e-02  2.00324343e-03  8.38072821e-02  4.31422740e-02
  3.85666266e-03 -3.30743045e-02  7.07711205e-02 -1.29904967e-08
 -3.48510407e-02  1.00544021e-02  4.28749695e-02 -1.79410316e-02
  1.36346761e-02  4.19656523e-02 -2.93067284e-02 -2.02069227e-02
  8.56049657e-02 -5.53007908e-02  8.54150727e-02 -2.09165495e-02
  3.51819210e-02  9.89721064e-03  1.36189535e-01  3.20946164e-02
  4.89572361e-02 -1.27537809e-02 -4.14571166e-02  1.28571108e-01
 -1.34593854e-02 -3.63904401e-03  2.51074359e-02  5.10053113e-02
 -3.81373614e-02  5.06979180e-04 -6.18591299e-03 -5.37116528e-02
  2.65052188e-02  6.32366017e-02  1.08479280e-02  8.48813131e-02
 -1.50873438e-02 -1.35520250e-02 -1.33221876e-03 -3.33971716e-02
  1.08866036e-01 -9.20772105e-02 -5.32565452e-03 -5.97139541e-03
 -5.36249764e-02  1.01517431e-01 -5.83458273e-03 -1.36286197e-02
 -2.62247417e-02 -5.23590622e-03  6.97942637e-03 -6.72833622e-02
 -5.21315597e-02 -5.93303889e-02  1.88700983e-03  4.65964153e-02
  2.70801857e-02  1.55419530e-02  3.55276056e-02  3.92129831e-02
 -1.18117385e-01 -1.29419949e-03 -2.69846432e-02  5.92349358e-02
  1.02258205e-01  2.20817383e-02 -2.15361398e-02 -4.11013886e-02]
Number of dimensions: 384

Sentence: I enjoy playing football.
Numerical Embedding:
[ 5.17357839e-03 -5.02969734e-02 -1.48173550e-03 -3.51534672e-02
  4.98774871e-02  1.19560109e-02  9.81777608e-02  4.94480170e-02
  6.31396025e-02  4.82213274e-02 -9.40135643e-02 -3.77778038e-02
 -5.79738664e-03  7.22358376e-02  7.17699528e-02 -1.78207420e-02
 -4.00206260e-02 -6.33449778e-02  1.80678908e-02 -3.77577171e-02
 -1.03774615e-01  7.14920610e-02  1.81568749e-02 -5.69358934e-03
 -5.78824691e-02  6.92670885e-03  2.34998781e-02  5.20503819e-02
 -5.20915687e-02 -6.34393841e-02 -4.23622839e-02  6.45155832e-02
  2.78737862e-02 -1.35013787e-02 -9.21419114e-02  7.16190562e-02
  7.67185688e-02 -7.12687522e-02  2.31464859e-02  5.00384681e-02
 -2.53019389e-02 -7.72513300e-02  7.52390325e-02  4.49820273e-02
 -4.18428285e-03  5.74202500e-02  4.39538397e-02 -1.41795762e-02
  7.95894265e-02  1.53297577e-02  1.05658241e-01  6.72666878e-02
 -2.86336690e-02  2.35016234e-02  9.30610746e-02  6.05294667e-02
 -2.99654473e-02  3.33446041e-02 -8.49231035e-02 -2.56810188e-02
  2.60344092e-02  8.85180235e-02 -3.21552344e-02  1.01320166e-02
 -1.94971263e-02 -5.42440359e-03 -3.19265500e-02 -8.25889595e-03
 -2.91923583e-02  1.85760092e-02 -2.96022347e-03  3.10052317e-02
  5.32006426e-03  1.09362267e-02  3.94374281e-02  2.53121257e-02
  1.21741667e-02 -1.33156022e-02  3.45401652e-02 -1.40288873e-02
  2.24536415e-02 -5.09671755e-02 -1.17430948e-02 -2.04286296e-02
 -3.41775939e-02 -1.06795363e-01  1.12895388e-02  3.84030491e-02
  3.45878559e-03  6.83791488e-02 -2.05256920e-02 -1.37279760e-02
 -2.67768949e-02  1.54079450e-02 -1.41571714e-02 -4.85336874e-03
  2.04715878e-02 -8.28990713e-03 -5.77369295e-02  8.81557316e-02
  6.84745610e-03 -2.00406574e-02  2.51075107e-04  1.13229088e-01
 -6.56427369e-02  3.59276123e-02 -1.14603445e-01  1.27726778e-01
  3.79088894e-02 -2.90097054e-02  2.52164248e-02  5.08806519e-02
 -7.06027299e-02  7.98617005e-02 -4.45456654e-02  1.00040540e-01
 -1.65526122e-02 -9.94427968e-03  2.30991654e-02  3.13428268e-02
  1.60007756e-02  6.50209710e-02 -3.70307788e-02  6.24418445e-02
  2.63494556e-03 -2.84741651e-02  8.35185684e-03 -6.24486076e-33
 -7.19435066e-02 -7.60038048e-02  2.76348963e-02  3.36937495e-02
 -1.12517811e-01  7.89385885e-02  4.56546172e-02  9.67329461e-03
 -6.15153350e-02  6.30859891e-03  1.86386984e-02  7.53340721e-02
 -2.86063366e-02  1.81347188e-02  3.19715030e-02 -3.24190445e-02
 -1.06561355e-01  3.87467444e-02 -5.23175299e-02  7.61036873e-02
  5.72653338e-02 -3.75697687e-02  2.07827333e-02  8.53670686e-02
 -2.76277885e-02 -4.03159671e-02  1.45810572e-02 -1.09872043e-01
  7.04442337e-03  9.48617700e-03  1.39261112e-02 -4.39454317e-02
 -1.11321703e-01 -5.65684168e-03 -3.47423889e-02 -4.54578139e-02
  6.92307064e-03  3.98368295e-03  2.82188021e-02  3.92403826e-02
  2.37520859e-02  6.62259571e-03 -7.93710817e-03 -2.15673912e-02
  5.82516305e-02 -2.88860910e-02  5.90897501e-02 -4.98623624e-02
 -6.44392148e-02 -1.39484107e-01 -1.60676315e-02 -1.73967052e-02
  8.34483132e-02 -2.30439957e-02  4.75129299e-02 -5.84726706e-02
  3.07825338e-02  1.19210710e-03 -7.76604041e-02  4.32253070e-03
 -9.28424392e-03  2.17051804e-02 -1.09779350e-02 -7.91914389e-03
 -6.42085075e-02  6.59757853e-02  2.95348577e-02  3.08685675e-02
  1.47698987e-02 -6.71741441e-02  3.43041010e-02  4.43239212e-02
  4.60275710e-02 -3.89433764e-02 -5.04022650e-02 -1.20360386e-02
  2.45935991e-02  3.96820642e-02  2.81460695e-02 -7.21042529e-02
  8.47420916e-02 -4.07360606e-02 -5.00264429e-02 -1.10828221e-01
  1.14605762e-01  7.78640136e-02 -2.59587169e-02 -1.75293490e-01
  2.44777221e-02 -7.08051550e-04 -4.86911722e-02 -1.40445922e-02
 -3.87465619e-02  6.39709225e-03 -4.59906943e-02  4.45390071e-33
  7.39679951e-03 -8.28392729e-02  3.11814789e-02  9.95434169e-03
 -3.93802188e-02 -1.79091729e-02  6.45057485e-03  2.87670419e-02
  1.12909311e-02  1.20046712e-01  1.70756988e-02  2.42973939e-02
 -7.67229721e-02  2.67766096e-04 -5.19085079e-02 -1.00976959e-01
 -1.32470410e-02  2.13263594e-02 -3.75309885e-02  1.83071289e-02
 -2.55576670e-02  1.74013488e-02  3.53426114e-02 -3.71751413e-02
  8.42949376e-03 -2.47021224e-02  8.57004989e-03  2.49401741e-02
 -1.94851421e-02  7.18985721e-02  5.66400550e-02  2.13644709e-02
 -4.07158583e-03 -1.13050379e-01  7.92313833e-03 -2.24201810e-02
  3.37303989e-02  9.34354030e-03  4.91102412e-02 -4.51441891e-02
 -7.65887415e-03  7.80250365e-03  2.99707893e-02  4.68184911e-02
  1.48509992e-02  2.56007183e-02  4.16609459e-02 -1.21934265e-02
 -3.78667391e-05  4.65421677e-02  2.71633919e-02 -2.32060980e-02
 -3.27086300e-02 -1.11160122e-01 -4.91402969e-02  8.49556178e-03
 -6.91168476e-03 -4.88349497e-02  1.33247571e-02 -2.68267728e-02
 -2.73781344e-02  1.18463166e-01 -7.77965263e-02  3.28346193e-02
  9.54753384e-02  4.21331031e-03 -1.01411909e-01 -4.57400344e-02
 -6.74895048e-02  3.73730063e-02 -1.09778740e-01 -7.25448951e-02
 -5.51052354e-02 -1.15575725e-02 -6.71437904e-02 -1.45022478e-02
 -2.70752944e-02  9.86367688e-02  2.25014742e-02  8.13506097e-02
 -2.14863773e-02 -1.85988564e-02  3.93173657e-03 -1.21573554e-02
 -3.79598066e-02  4.27853912e-02  5.53501677e-03  5.62336259e-02
  6.19692402e-03 -1.99972708e-02  6.89687654e-02  4.76362556e-02
 -2.10683309e-02 -9.77865383e-02  7.69881085e-02 -1.49614703e-08
 -4.60329838e-02  3.34082469e-02  1.21650817e-02 -4.09369245e-02
 -2.24758238e-02  4.53678258e-02 -2.16851160e-02 -6.20387085e-02
  4.41920795e-02 -1.26487508e-01  6.34250566e-02 -1.91293750e-02
  5.53884134e-02 -2.36000121e-02  1.19902551e-01  8.15824606e-03
  3.06361038e-02  7.76599953e-03  5.26250619e-03  1.42836526e-01
  8.04559048e-03 -2.57350542e-02 -4.39721718e-02  1.51986117e-02
 -5.12154065e-02 -6.34362847e-02  3.43715400e-02 -3.91715653e-02
  4.62765619e-02 -1.10597373e-03  1.71326119e-02  5.73371090e-02
 -2.77645420e-02  1.10534085e-02  4.47691381e-02 -5.77899367e-02
  4.60061170e-02 -1.15243584e-01 -4.12140898e-02 -8.21201131e-02
  2.41739023e-02  1.30081819e-02  2.88804644e-04 -4.21681851e-02
 -8.95334873e-03  7.40903290e-03  4.09361944e-02 -2.66764425e-02
 -1.06423367e-02 -7.27165374e-04  4.02630977e-02  6.42291605e-02
  6.20317683e-02  6.22105412e-02  6.02575168e-02  4.73873764e-02
 -4.00811620e-02 -7.60813430e-03  1.01626953e-02 -6.02704193e-03
  5.55573851e-02  5.11182100e-02  1.67169124e-02 -4.28996198e-02]
Number of dimensions: 384

Sentence: I am learning data science.
Numerical Embedding:
[ 3.99215333e-02 -6.87886998e-02 -8.92431755e-03  6.04088977e-02
  1.71313640e-02 -1.00829110e-01 -5.55004850e-02  5.74342497e-02
 -1.35187414e-02  7.63426796e-02  1.06540909e-02  1.44261308e-02
  6.60109380e-03 -5.83928525e-02 -1.59773733e-02  1.66960631e-03
 -2.34016720e-02 -2.43171211e-02 -1.91228949e-02 -9.73495916e-02
  1.96305830e-02 -1.66284498e-02 -5.37230037e-02 -1.80636775e-02
  2.31485143e-02  4.28722389e-02  1.00229150e-02  2.57836729e-02
  7.20984489e-02 -5.44253588e-02 -1.17225133e-01 -2.35832849e-04
  6.45205081e-02  7.96176419e-02 -7.68313631e-02  3.00004128e-02
  5.34551144e-02 -2.87212171e-02  4.77564558e-02  4.40823063e-02
 -2.95562577e-02 -3.97514142e-02  1.70147326e-02 -1.50132850e-02
  4.00433056e-02 -2.12424118e-02 -4.78907153e-02 -4.87989150e-02
  3.74503285e-02  4.74630967e-02 -4.62218225e-02  3.61485332e-02
 -5.26034422e-02  6.16885908e-02  1.13691920e-02 -3.14182900e-02
  3.30678113e-02  9.33372183e-04  1.73365641e-02  1.42227691e-02
  7.04510324e-03 -5.31922765e-02 -1.27493471e-01  1.11868508e-01
  8.28767270e-02 -3.04962266e-02 -9.48893465e-03  9.27976742e-02
  1.38727054e-02 -8.04268345e-02 -6.95691928e-02  2.56942511e-02
 -7.52720684e-02  1.08338639e-01  3.92393805e-02 -4.87349853e-02
  6.02540858e-02  5.24693448e-03  1.08118206e-01 -2.22459249e-02
 -2.54670791e-02  2.36527696e-02 -4.70875353e-02  1.52058247e-02
  4.37970050e-02 -2.18628813e-02  1.00125065e-02  8.84502009e-02
 -2.78978050e-02  1.42228762e-02  5.67351393e-02  4.43849303e-02
 -4.06096466e-02  4.78894189e-02 -3.25516611e-02  5.46285547e-02
 -1.20705757e-02 -3.66866849e-02  7.15142936e-02  2.13683881e-02
 -2.58633308e-03 -1.14597334e-02  1.71300322e-02  4.07158136e-02
 -4.44101170e-02 -6.40988573e-02  2.68011279e-02  4.76922058e-02
 -4.86056739e-03 -2.21202224e-02 -3.65864262e-02  6.60142303e-02
 -4.36420999e-02 -3.01548205e-02 -9.25464276e-03  1.91746559e-03
 -4.45507094e-02  3.05578616e-02  4.99877669e-02  4.54531871e-02
 -1.91271678e-02  4.88310233e-02 -4.85486612e-02 -6.58058152e-02
 -3.79921533e-02 -6.61811829e-02 -1.09813176e-01 -2.78870698e-33
 -1.21954223e-03  3.14393677e-02  2.96713244e-02  6.78432062e-02
  2.04111659e-03 -6.72705546e-02 -4.84285429e-02 -8.98189656e-03
 -4.26824763e-02  4.41647619e-02  1.62334237e-02  4.32842150e-02
 -4.41892706e-02  1.49659477e-02  3.37247699e-02  1.05884131e-02
 -6.43676370e-02  1.14095651e-01 -4.47924398e-02  3.79684716e-02
  5.80042507e-03 -4.64305878e-02  6.47489503e-02  1.73896533e-02
  5.88542670e-02  2.65328586e-02 -9.07323044e-03 -2.72066146e-02
  6.56009242e-02  2.46982183e-02  2.87743639e-02  9.66682192e-03
 -6.45400733e-02 -6.54788455e-03  3.75959724e-02  1.09582832e-02
 -2.88926773e-02 -4.87435050e-02  2.75868271e-02 -3.33515443e-02
 -1.32324863e-02  1.78743992e-02  3.52607444e-02 -2.97391582e-02
  5.23519851e-02 -5.47125600e-02  5.57843708e-02 -6.45592511e-02
  1.58950463e-02 -5.50024733e-02 -4.26886417e-02 -6.37572259e-02
  3.63947637e-03 -2.12560575e-02  5.05782617e-03  9.30053517e-02
  7.70421475e-02 -1.02589294e-01  3.54580092e-03  6.20655939e-02
 -1.03233658e-01  3.06725875e-02 -1.90305207e-02 -2.08009537e-02
 -5.59211858e-02  7.95431957e-02 -5.68700694e-02 -6.44227839e-04
  1.46263778e-01 -5.59029728e-02 -2.41034254e-02  7.95238093e-03
  7.07492698e-03  1.55387400e-02 -1.16570378e-02 -4.00677472e-02
 -5.64112663e-02 -8.94708559e-02 -3.20268609e-02  5.23505621e-02
 -4.47602570e-02 -3.95606495e-02 -3.10330023e-03 -4.49327938e-03
 -2.81897169e-02  5.89568689e-02 -1.43212555e-02 -3.18264104e-02
 -2.57831383e-02 -3.73402461e-02 -3.38710807e-02 -9.98264086e-03
 -2.15771031e-02  4.28561401e-03 -1.02162259e-02  3.25521500e-34
 -2.78069582e-02  2.54806690e-02 -1.71587616e-02  1.05660275e-01
  5.32386154e-02  1.03649711e-02  7.91307613e-02 -3.00105847e-02
  8.49621743e-02  1.47599773e-02 -9.67612341e-02  2.43160632e-02
 -5.75482193e-03  2.05978239e-03  2.18948605e-03 -4.92723770e-02
 -4.67462428e-02 -6.08164147e-02 -1.00122213e-01  9.50456690e-03
 -8.69892389e-02  9.46066231e-02 -4.64658439e-02 -1.26721496e-02
  7.26668239e-02 -3.55763026e-02 -1.21056233e-02 -4.47787009e-02
 -3.16336751e-02  2.53412668e-02 -1.46329980e-02 -3.73104475e-02
 -7.03418255e-02 -2.42771078e-02 -3.54712978e-02  1.17596658e-02
  9.13774967e-02 -3.75260413e-02  2.37531457e-02  6.91095963e-02
  6.48169518e-02  5.27674071e-02  3.16489115e-02  4.59160879e-02
  1.44999111e-02  1.93708595e-02 -8.85950774e-03  7.06341937e-02
  4.24972214e-02 -4.92330194e-02  1.34496745e-02  4.24449779e-02
  1.04318708e-02 -1.99217908e-02  5.83108328e-02 -3.01506720e-03
  4.18967605e-02 -5.08550741e-02 -3.24755572e-02  4.62318547e-02
 -1.05610989e-01 -2.71509076e-03  3.38746533e-02  8.60493928e-02
 -6.64713085e-02 -7.12813511e-02 -3.73532698e-02  9.42474511e-03
 -6.84021711e-02 -5.29485196e-02  9.02150199e-02  4.18610461e-02
 -7.00969296e-03 -4.13064584e-02 -3.38929482e-02 -1.13456711e-01
 -1.82741359e-02  3.95015888e-02 -3.61089818e-02  7.04139993e-02
  3.10533587e-02 -3.70573923e-02 -2.06734743e-02  7.18649104e-02
 -7.83983618e-02  4.66519520e-02  5.85140996e-02 -4.25501391e-02
 -4.20077667e-02 -6.69524968e-02 -1.51107416e-01 -2.64087543e-02
 -9.71995816e-02  2.94558238e-02 -4.75211665e-02 -1.53014703e-08
 -6.85655046e-03 -3.30857597e-02  1.54600114e-01 -2.37013660e-02
  1.70594510e-02  4.55746762e-02 -4.29635383e-02  7.38406852e-02
 -1.15459189e-02  1.90939219e-03  8.55103657e-02  1.41793163e-02
 -4.42690812e-02 -1.30471632e-01  1.60268158e-01 -1.34021090e-02
  1.17063612e-01 -3.75437289e-02  1.21926609e-02  3.84190753e-02
 -1.08811818e-02  4.46848981e-02 -3.30911279e-02  1.70633085e-02
  5.37503064e-02  7.82078598e-03  6.60940781e-02  1.45210788e-01
 -3.35303433e-02  9.61127225e-04 -9.88558284e-04  3.37203518e-02
  5.28110676e-02 -6.06244877e-02  7.55493939e-02  2.83832885e-02
  2.27026232e-02 -2.50784475e-02  4.44892719e-02 -3.13681476e-02
 -9.13484022e-03  1.02528311e-01 -1.43132303e-02  2.56524868e-02
  4.04258966e-02  9.21895206e-02 -1.39949862e-02  3.72678041e-02
  3.04293688e-02  2.20271735e-03 -2.84417830e-02 -4.26669829e-02
  8.65921192e-03  1.98485563e-03 -9.07291286e-03  4.12424952e-02
 -1.78570468e-02 -1.71009284e-02 -1.46058053e-02  4.73302491e-02
  6.99457154e-02  4.77523804e-02 -3.58116627e-02 -3.38910818e-02]
Number of dimensions: 384

Sentence: Artificial intelligence is useful.
Numerical Embedding:
[ 2.34629400e-02 -1.59946751e-04  3.33075933e-02 -5.70430013e-04
  2.76246108e-03  5.88121042e-02 -2.58445577e-03  8.73456057e-03
  1.04948552e-02  3.09184976e-02 -1.78928636e-02  6.24112561e-02
 -9.42088431e-04  2.06185114e-02 -1.85884517e-02  5.30525949e-03
 -1.30765494e-02 -2.50759944e-02 -1.28680483e-01 -1.29088610e-01
 -2.67402772e-02  7.39689497e-03  1.74100101e-02 -5.90385906e-02
  8.67186347e-04  1.59954429e-02 -5.29320948e-02 -4.01745513e-02
  2.49078181e-02  1.72865100e-03  5.05556166e-02  9.00662467e-02
  6.53570741e-02 -2.78781205e-02 -9.62654352e-02  5.78234755e-02
 -1.18660964e-02  7.57250935e-02  3.29140089e-02 -1.01355426e-02
 -2.89557688e-02 -4.40376252e-02  4.26588431e-02 -6.95313420e-03
  5.11435382e-02  7.12318867e-02 -9.98719111e-02 -1.48726087e-02
  1.35645578e-02 -8.86051077e-03 -7.77661353e-02  3.58386594e-03
  3.60262627e-03  1.66315008e-02  5.49746454e-02  4.99157533e-02
  1.83952488e-02 -5.62678166e-02 -1.38611821e-02 -6.89907968e-02
  1.50101017e-02 -7.29386881e-02 -2.74432218e-03  9.79693234e-03
  5.91626167e-02  7.49631412e-03 -4.18810472e-02 -3.50701585e-02
 -9.64655448e-03 -3.85963880e-02  1.33661209e-02  9.61871147e-02
  5.72504662e-02  7.07019866e-02  6.00368753e-02  1.15345344e-02
  5.88622317e-02 -1.67185087e-02  8.83338302e-02  9.06320103e-03
  2.86577560e-04  8.81341845e-03 -2.69493349e-02  9.25525203e-02
  7.37409145e-02 -3.60739045e-02 -6.87973388e-03 -2.75025074e-03
 -2.48788912e-02 -2.20085699e-02  5.08944690e-02 -2.76148748e-02
  4.02088836e-02 -5.70561960e-02  3.10075004e-02 -2.98670065e-02
 -3.25863846e-02 -2.28006076e-02 -2.11598426e-02  5.31837493e-02
 -4.57369871e-02  1.43131856e-02  1.50235826e-02  1.46557167e-02
 -9.29846149e-03 -2.01514047e-02  7.44316652e-02  2.78198514e-02
  8.40527043e-02 -1.28515914e-01 -1.02219827e-01  5.20933121e-02
  2.34748442e-02  1.41740311e-02 -2.58588511e-02  4.77545187e-02
  1.18866691e-03  9.49074104e-02  4.05656435e-02  8.71137436e-03
 -5.70161501e-03 -1.36441840e-02  7.29697384e-03  5.97668327e-02
  4.63403128e-02 -1.00340560e-01 -4.43688892e-02 -4.30070073e-33
 -1.08882308e-01 -4.11976129e-03  5.10068126e-02  7.55205005e-02
 -4.40629981e-02 -3.50119136e-02 -4.50404994e-02 -6.00087903e-02
  1.25556802e-02 -4.97912318e-02 -4.24150899e-02  5.79690523e-02
  1.71153340e-02  3.89827910e-05  5.90126254e-02 -6.96949009e-03
 -3.07944268e-02  8.88052061e-02 -2.09598262e-02 -9.76947416e-03
  8.09211582e-02 -7.38300979e-02  3.11601739e-02 -2.45993994e-02
  1.63489543e-02  4.02764082e-02  9.54778865e-02 -3.38212661e-02
  6.22992404e-02  1.53589165e-02  1.77557599e-02  6.84008375e-02
 -1.17687285e-01 -1.89609285e-02  1.15992157e-02  1.05245160e-02
 -3.88153903e-02 -5.37009053e-02  2.74963900e-02  4.11344618e-02
 -3.00612692e-02  3.72237526e-02 -3.18537001e-03  8.74955021e-03
  2.08017956e-02 -9.16935876e-03  5.74268252e-02 -6.07026182e-02
  3.91283631e-03 -2.57222913e-02  9.14303865e-03  1.95748471e-02
  5.13627827e-02 -8.88260826e-02  7.01156929e-02  2.16505397e-02
 -7.31331389e-03  1.73038412e-02 -2.48352140e-02 -2.42510997e-02
 -2.26753727e-02 -1.03669299e-03  2.14247834e-02  5.20338677e-02
 -5.64473122e-03  9.64375138e-02  8.50797445e-03  6.06445931e-02
  4.43176255e-02  2.51730401e-02  3.12455581e-04 -8.03947356e-03
  2.56587267e-02 -4.00175229e-02 -8.11438560e-02  2.03545168e-02
  1.60159040e-02 -1.37610242e-01  6.58473074e-02  5.62336557e-02
 -3.82750034e-02 -8.35356116e-02 -1.80170201e-02 -4.90940288e-02
  8.12231079e-02  1.32703013e-03  2.21895259e-02 -9.37337726e-02
 -1.55393435e-02  1.15106525e-02 -6.54157326e-02  1.32040482e-03
 -4.60147113e-02  1.41443918e-02 -1.08192787e-01  3.44596169e-33
 -1.14985444e-01 -7.93254375e-03 -7.46778920e-02  7.34731108e-02
 -3.58253857e-03 -2.68861814e-03 -5.63441664e-02 -7.32619837e-02
 -1.82499625e-02  4.28085402e-02 -3.54149751e-02  2.78522708e-02
 -2.60796547e-02  3.15105841e-02  4.73745093e-02  3.87958344e-03
 -3.77359092e-02 -8.65771398e-02 -3.73801589e-02  2.58585159e-02
 -4.68879798e-03  9.70687866e-02 -6.72660694e-02 -4.26938534e-02
 -1.18530160e-02  7.15947524e-02 -1.25515342e-01 -5.72790205e-02
 -2.65485179e-02  7.52713457e-02 -4.90871519e-02 -6.15670159e-02
 -3.13959531e-02  7.65775330e-03 -3.11272722e-02  2.86681801e-02
  2.56177038e-02 -1.73795335e-02 -3.14647369e-02 -1.78685703e-03
  4.89434088e-03  8.75811055e-02 -9.15548950e-03 -2.03223899e-02
 -3.51613499e-02  7.01190112e-03  2.25833021e-02  1.05569467e-01
  5.36863180e-03  3.09502427e-02  4.92126793e-02 -2.31498815e-02
 -3.63195278e-02 -1.54715538e-01 -4.22267467e-02  5.10904901e-02
 -2.64222622e-02 -2.70530283e-02 -3.80096398e-02  5.33513762e-02
 -6.87381774e-02 -4.21112478e-02  6.74129948e-02  6.44199699e-02
 -1.87943615e-02  5.22439601e-03 -5.27953543e-02  6.98424727e-02
 -2.59987228e-02 -8.60059857e-02  1.23938806e-01  6.28900528e-02
 -1.28643271e-02  5.83029771e-03 -3.46418247e-02 -2.71514477e-03
 -3.59675363e-02 -8.74190684e-03 -1.44144166e-02 -1.41209047e-02
  2.75530461e-02 -8.49657804e-02  1.88071206e-02  2.75915228e-02
 -3.03020012e-02  6.32655099e-02  5.08768298e-02 -3.65001261e-02
 -1.42807448e-02 -2.91600674e-02 -6.97895065e-02  2.59894542e-02
  5.77539299e-03  3.54653485e-02 -1.42046928e-01 -1.39215768e-08
  6.70405524e-03 -7.04964399e-02  1.12190701e-01 -1.96166486e-02
 -3.03302309e-03  6.85963593e-03 -3.84171531e-02  6.95224553e-02
 -4.99471687e-02  2.35325433e-02  3.38840634e-02 -2.49960441e-02
 -1.11700362e-02  7.69603550e-02  1.17961258e-01  1.70582477e-02
  6.07058406e-02 -3.36287506e-02 -5.49430214e-02  5.46055287e-02
  4.03704792e-02  9.82822292e-03 -3.17780674e-02  6.84033856e-02
  1.47914588e-02  3.13167833e-03  3.09373140e-02  1.56452954e-02
 -5.46225347e-02  4.01250571e-02 -3.80281475e-03  7.03292992e-03
  2.51372159e-02  7.11959898e-02  1.49981454e-01  1.54961780e-01
  1.65277869e-02 -7.36535415e-02 -1.98283158e-02 -1.33862142e-02
 -1.88725796e-02  9.18147117e-02 -3.37986574e-02  4.92221490e-02
  9.21390057e-02 -1.84554569e-02 -1.12788035e-02 -9.45277438e-02
 -3.50020863e-02  1.20796403e-02  2.52677407e-02  1.42850485e-02
  1.38393044e-02  5.12100533e-02  8.81965011e-02 -2.41337456e-02
  4.73175943e-02 -4.48258407e-02 -2.06115469e-02  9.29391533e-02
 -1.25716953e-02  8.84796306e-02  4.48191129e-02 -6.34737834e-02]
Number of dimensions: 384

Sentence: I love creating new applications.
Numerical Embedding:
[-6.28973544e-02 -9.42088813e-02 -6.45078998e-03 -7.52515197e-02
  3.75223048e-02 -6.80899993e-02 -1.61710270e-02  5.89872673e-02
 -4.51954128e-03  7.19325542e-02 -4.58303131e-02  3.38844098e-02
  3.27619887e-03  5.27016409e-02  8.23446810e-02  9.62839928e-03
 -1.50832012e-02 -1.53968567e-02  3.82632972e-03 -3.62574346e-02
 -5.18294051e-02 -3.95685062e-02  5.39869908e-03  5.26938168e-03
 -1.31691312e-02  1.98427495e-02 -2.89063584e-02 -3.33523378e-02
  7.85061792e-02 -5.15711159e-02 -4.07769978e-02  8.90002847e-02
  7.40856007e-02  2.81523690e-02 -1.29969995e-02  1.70999840e-02
  6.37273565e-02 -1.11708893e-02 -4.36721705e-02 -7.23778009e-02
 -4.00576331e-02 -3.14239366e-03 -2.16230284e-02  5.05511425e-02
  1.44703630e-02 -1.32072181e-01  2.54998561e-02 -4.13977616e-02
  1.36093527e-01  5.23522384e-02  3.80908549e-02 -4.88344505e-02
 -6.09715432e-02 -8.00983086e-02 -1.80280823e-02 -3.66868591e-03
  2.85075977e-02  1.13483239e-02 -6.74050972e-02  5.27390465e-03
  2.98307072e-02  6.51928931e-02 -2.88464259e-02  8.56214240e-02
  3.07842046e-02  5.54397814e-02 -2.96624154e-02  2.29404848e-02
  3.25021781e-02 -1.02027819e-01 -1.42473951e-01  4.36948575e-02
 -1.78953875e-02  1.64096169e-02 -4.39481549e-02 -4.65867780e-02
 -3.56564634e-02  3.13303918e-02 -4.99788411e-02 -3.10791284e-02
  8.33954215e-02 -3.17665301e-02 -4.18401174e-02  3.64931226e-02
  3.70687433e-02  4.72829025e-03  2.36894749e-02 -1.69281010e-02
  4.90537994e-02 -3.99976503e-03 -5.17698796e-03  1.13161057e-02
 -1.44536709e-02 -2.83337361e-03 -7.14402646e-02  4.44024336e-03
  1.92067251e-02 -3.40826064e-02 -4.35798354e-02  6.88078329e-02
 -6.28427118e-02 -6.98947608e-02  3.96986492e-02  3.07854135e-02
  1.69406887e-02  3.86333205e-02  9.73909814e-03 -2.50610709e-03
 -2.36014463e-03  3.11199166e-02 -4.24977131e-02 -2.00045016e-02
  1.99541915e-02 -6.32363483e-02  3.46821547e-02  7.20668808e-02
 -5.43355085e-02  3.68017294e-02  4.18595932e-02  1.16374314e-01
  5.13127930e-02  6.55466840e-02 -6.48119822e-02 -6.67993203e-02
 -2.78361831e-02 -2.93523353e-02 -8.94278660e-02 -5.26678260e-33
  2.31337873e-03  3.67585942e-02  4.93981875e-02  9.77261588e-02
  1.65829528e-02 -6.50980622e-02  2.94948053e-02  7.41224810e-02
 -8.72987583e-02 -8.70885104e-02  4.71994877e-02  1.05011456e-01
 -2.42807344e-02  6.93611875e-02  1.00785747e-01 -5.17728850e-02
 -7.19366297e-02  7.58788213e-02  3.76766287e-02 -7.70753622e-02
 -5.54107130e-02 -5.56238517e-02 -5.86077152e-03  7.73398727e-02
  2.52109859e-02  8.70878771e-02  5.76258339e-02 -3.68351713e-02
  1.02996081e-02  2.42730435e-02 -3.50714177e-02 -1.39887156e-02
 -3.63364443e-02  1.22047132e-02 -4.97153625e-02  1.91993266e-02
 -4.21392731e-02 -4.49360833e-02  8.36712122e-02  2.13668607e-02
 -5.69184013e-02 -1.77611802e-02 -3.31448689e-02  1.00533850e-02
  8.87372121e-02  1.89955649e-03  2.79654749e-02 -1.22080026e-02
  3.05685271e-02  2.91968510e-03 -2.88139228e-02  7.22007686e-03
  6.82148570e-03  1.34087190e-01 -3.97355519e-02 -2.78371070e-02
 -1.76751651e-02 -6.11012876e-02  4.06469554e-02 -2.65711546e-02
 -5.89624830e-02  2.98377741e-02 -6.90337047e-02  4.50632200e-02
 -4.30497639e-02  4.18500006e-02  4.52504195e-02  9.42806888e-04
 -8.75709113e-03  5.10093234e-02 -8.25024545e-02 -4.28492650e-02
 -4.66448627e-02 -2.04606485e-02 -2.55043767e-02 -4.81019244e-02
  1.45207075e-02 -1.30005851e-02 -7.33031332e-02 -6.26039952e-02
  1.44780017e-02 -2.74913721e-02 -2.67597400e-02 -4.18314338e-02
  5.01812957e-02 -4.88188490e-03  3.00963819e-02 -6.75321594e-02
 -1.19084548e-02  8.97643715e-03 -5.55005250e-03 -1.87938381e-02
  4.57300153e-03  6.09147288e-02 -4.50921394e-02  4.33402820e-33
 -4.47324477e-03 -5.16431555e-02 -6.24348000e-02  1.88834667e-02
 -6.93435222e-02 -2.76027694e-02 -2.95989290e-02  4.75943238e-02
 -2.68340427e-02  7.98902363e-02  4.47874963e-02  1.58701297e-02
  4.60247090e-03  6.10859022e-02 -6.70070350e-02 -3.67228553e-04
  3.00958361e-02  2.30401158e-02 -7.57246092e-03  3.01591726e-03
 -9.23765171e-03  9.91876945e-02 -7.91483372e-02 -2.58821598e-03
  2.08842345e-02 -4.84540612e-02  2.70437952e-02 -2.50224285e-02
  3.33602279e-02 -1.52388839e-02  2.12007249e-03  1.98635031e-02
 -9.17503163e-02 -7.85447806e-02  1.29173296e-02 -1.34431282e-02
  5.68005666e-02 -6.18197620e-02  3.35053019e-02 -1.10745067e-02
  7.35059157e-02 -3.84727828e-02  9.34321731e-02  5.95989563e-02
  3.10756778e-03  4.21646982e-02 -2.35954616e-02 -8.21193494e-03
  1.85966771e-02 -1.86913963e-02 -6.13705767e-03 -4.62018587e-02
  3.95801663e-02 -1.44304901e-01  2.56988332e-02  3.37932408e-02
  8.55672732e-02  1.86290909e-02  1.93929486e-02 -5.13877906e-03
 -6.08591959e-02  2.13316772e-02 -2.08034385e-02 -3.05019878e-02
  2.17450298e-02 -2.89082341e-02 -8.81532487e-03  4.58395183e-02
 -1.28453940e-01 -1.71404332e-02  2.22365726e-02  6.31797174e-03
 -7.44190738e-02 -1.43511081e-03 -1.03281334e-01 -3.81509773e-02
  8.43948871e-02 -1.81834754e-02 -9.37089026e-02  5.97686041e-04
  2.16238312e-02  4.45425957e-02  8.21228027e-02 -4.31409925e-02
 -5.15964441e-02  2.49174014e-02 -8.42656288e-03 -2.15768851e-02
 -5.02888076e-02 -1.79264247e-02 -6.18822984e-02  1.12096459e-01
  4.31238877e-04  8.01177993e-02  1.55070024e-02 -1.52103929e-08
 -1.56345684e-02  3.43423523e-02  2.76810378e-02  3.98483360e-03
  1.79385729e-02  3.56093124e-02 -6.23669922e-02  6.26496077e-02
  1.84639581e-02 -7.66969919e-02  3.34800184e-02 -7.72711169e-03
 -8.09520930e-02  1.15030251e-01  1.22599043e-01 -6.03745505e-03
  7.13444203e-02  3.32396179e-02  5.74974751e-04 -3.69325355e-02
  1.15819760e-02  1.22334279e-01  5.61982207e-02  4.04586643e-02
 -1.39183430e-02 -8.95562043e-05  6.23998232e-02 -2.90113762e-02
  3.33447866e-02  3.70667689e-02  4.11264045e-05  6.26421571e-02
  4.39945646e-02  3.43423896e-02  1.78859662e-02  2.65028514e-02
 -6.93370253e-02  1.91813447e-02  4.56310138e-02 -8.76052007e-02
 -8.49406421e-03  8.97822157e-02  1.91318262e-02 -7.86823556e-02
 -8.18037912e-02  9.99763608e-03  4.21759561e-02 -7.47781470e-02
  5.12548536e-02  7.49818096e-03 -4.96939346e-02  3.86242755e-02
  6.20223619e-02 -1.40043115e-02  1.08720444e-01  1.04457423e-01
 -9.85979009e-03 -5.09713776e-02  1.00341879e-01  6.63741753e-02
  5.78181259e-02  5.62687255e-02  4.85256128e-02  7.31936842e-02]
Number of dimensions: 384

Text has been successfully converted into numerical vectors.
PS C:\Users\Lenovo\Desktop\Rag_System>